     1     19921125132100     6.11   114.08    28.71   0.02814   0.00008     0.00     0.29     0.00    19.00     1.06     0.75 
     2     19921125141200     5.47   101.03    28.71   0.02145   0.00007     0.00     0.29     0.00    19.00     1.19     0.73 
     3     19921125150300     4.96   102.53    28.70   0.02341   0.00007     0.00     0.30     0.00    19.00     1.15     0.72 
     4     19921125155500     5.20   112.67    28.69   0.02798   0.00008     0.00     0.31     0.00    19.00     1.06     0.74 
     5     19921125164600     4.78    97.98    28.66   0.01762   0.00007     0.00     0.34     0.00    19.00     1.27     0.71 
     6     19921125173800     9.56   123.00    28.70   0.03373   0.00010     0.00     0.30     0.00    19.00     0.98     0.82 
     7     19921125182900     4.61    68.19    28.69   0.00877   0.00005     0.00     0.31     0.00    19.00     1.61     0.66 
     8     19921125192000     3.89    93.79    28.71   0.01833   0.00006     0.00     0.29     0.00    19.00     1.27     0.68 
     9     19921125201200     4.12   114.40    28.73   0.02901   0.00008     0.00     0.27     0.00    19.00     1.05     0.72 
    10     19921125210500     4.76    87.75    28.74   0.01929   0.00006     0.00     0.26     0.00    19.00     1.25     0.69 
    11     19921125221900     5.33   114.33    28.82   0.02685   0.00008     0.00     0.28     0.12     3.64     1.09     0.74 
    12     19921125232700     5.94   120.48    28.93   0.03444   0.00008     0.00     0.27     0.21     5.22     0.98     0.76 
    13     19921126001900     5.27   107.57    29.03   0.02454   0.00008     0.00     0.27     0.24     6.63     1.13     0.73 
    14     19921126011000     5.00    92.14    29.06   0.02028   0.00007     0.00     0.24     0.30     7.18     1.23     0.70 
    15     19921126022200     4.10   121.77    29.23   0.02904   0.00008     0.00     0.27     0.38     7.57     1.05     0.73 
    16     19921126031300     4.76   118.51    29.22   0.02911   0.00008     0.00     0.28     0.40     8.40     1.05     0.74 
    17     19921126041600     4.41   106.76    29.32   0.02332   0.00007     0.00     0.28     0.38     9.65     1.15     0.71 
    18     19921126050700     3.20    96.80    29.24   0.02406   0.00006     0.00     0.26     0.36    10.55     1.14     0.68 
    19     19921126055900     2.43    92.53    29.02   0.02389   0.00006     0.00     0.28     0.31    11.76     1.14     0.65 
    20     19921126065500     2.03   100.24    28.98   0.02088   0.00006     0.00     0.32     0.26    13.35     1.20     0.65 
    21     19921126074700     1.31    97.71    28.87   0.01886   0.00006     0.00     0.33     0.22    14.88     1.24     0.63 
    22     19921126083800     1.56    83.23    28.96   0.01304   0.00005     0.00     0.34     0.18    16.39     1.41     0.61 
    23     19921126093000     0.92    61.72    28.99   0.00670   0.00004     0.00     0.31     0.16    17.64     1.74     0.55 
    24     19921126102100     1.08    56.00    28.96   0.00527   0.00003     0.00     0.34     0.14    18.60     1.80     0.54 
    25     19921126111200     1.54    57.08    28.98   0.00533   0.00004     0.00     0.32     0.13    19.00     1.82     0.56 
    26     19921126120800     1.36    66.07    28.87   0.00838   0.00004     0.00     0.33     0.11    19.00     1.63     0.57 
    27     19921126130000     2.46    76.70    28.95   0.01170   0.00005     0.00     0.35     0.09    19.00     1.46     0.62 
    28     19921126145300     3.30    63.82    28.87   0.00976   0.00005     0.00     0.33     0.00    19.00     1.56     0.62 
    29     19921126154500     4.06    70.53    28.87   0.01185   0.00005     0.00     0.33     0.00    19.00     1.47     0.65 
    30     19921126163600     4.20    73.75    28.88   0.01259   0.00005     0.00     0.32     0.00    19.00     1.44     0.66 
    31     19921126172700     2.68    62.85    28.77   0.00851   0.00004     0.00     0.33     0.00    19.00     1.62     0.60 
    32     19921126181900     2.16    52.98    28.75   0.00536   0.00004     0.00     0.35     0.00    19.00     1.80     0.56 
    33     19921126191000     2.16    40.52    28.86   0.00232   0.00003     0.00     0.34     0.00    19.00     2.03     0.53 
    34     19921126200100     1.68    33.50    28.89   0.00144   0.00002     0.00     0.31     0.00    19.00     2.16     0.50 
    35     19921126213400     1.75    34.53    29.05   0.00121   0.00002     0.00     0.25     0.00    19.00     2.30     0.50 
    36     19921126222600     6.09    61.31    28.94   0.00671   0.00005     0.00     0.26     0.00    19.00     1.78     0.68 
    37     19921126231700    38.46   175.74    28.94   0.09081   0.00021    20.72     0.26     0.00    19.00     0.62     1.15 
    38     19921127000900    28.94   165.81    29.00   0.06087   0.00017     0.00     0.30     0.00    19.00     0.75     1.06 
    39     19921127010000    18.72   153.56    29.00   0.04541   0.00014     0.00     0.30     0.00    19.00     0.86     0.96 
    40     19921127015100    14.74   131.57    29.00   0.03063   0.00012     0.00     0.30     0.00    19.00     1.02     0.90 
    41     19921127024300    12.52   122.19    28.89   0.02676   0.00010     0.00     0.31     0.00    19.00     1.08     0.86 
    42     19921127033400    15.71   128.80    28.92   0.03594   0.00012     0.00     0.28     0.00    19.00     0.96     0.90 
    43     19921127042500    34.56   154.48    28.84   0.06748   0.00018    39.90     0.26     0.00    19.00     0.72     1.10 
    44     19921127051700    31.78   149.64    28.79   0.04536   0.00017     7.41     0.31     0.00    19.00     0.86     1.08 
    45     19921127060800    55.16   226.13    28.84   0.15321   0.00028     6.99     0.26     0.00    19.00     0.48     1.28 
    46     19921127070000    30.64   138.39    28.78   0.03769   0.00016     0.00     0.32     0.00    19.00     0.93     1.06 
    47     19921127075100    17.88   129.02    28.73   0.02518   0.00012     0.00     0.37     0.00    19.00     1.10     0.93 
    48     19921127084200    11.70   121.11    28.72   0.01859   0.00010     0.00     0.38     0.00    19.00     1.23     0.85 
    49     19921127093400     7.63   111.15    28.71   0.01477   0.00008     0.00     0.39     0.00    19.00     1.33     0.78 
    50     19921127102500     6.12   120.18    28.63   0.01981   0.00008     0.00     0.37     0.00    19.00     1.21     0.76 
    51     19921127113200     7.69   132.67    28.68   0.03226   0.00010     0.00     0.32     0.00    19.00     1.00     0.80 
    52     19921127122600     8.06   141.71    28.71   0.04535   0.00010     0.00     0.29     0.00    19.00     0.86     0.82 
    53     19921127134800     7.65   106.92    28.70   0.03070   0.00008     0.00     0.30     0.00    19.00     1.02     0.77 
    54     19921127143900     7.28   109.51    28.71   0.03454   0.00008     0.00     0.29     0.00    19.00     0.97     0.77 
    55     19921127160400     6.70   123.95    28.71   0.03738   0.00009     0.00     0.29     0.00    19.00     0.94     0.78 
    56     19921127170000     5.67   106.48    28.69   0.02462   0.00008     0.00     0.31     0.00    19.00     1.12     0.74 
    57     19921127175200     4.94    94.16    28.68   0.01848   0.00007     0.00     0.32     0.00    19.00     1.25     0.71 
    58     19921127184300     4.09    81.32    28.65   0.01266   0.00006     0.00     0.35     0.00    19.00     1.42     0.67 
    59     19921127193500     2.97    75.46    28.67   0.01110   0.00005     0.00     0.33     0.00    19.00     1.50     0.63 
    60     19921127202600     2.44    59.71    28.68   0.00636   0.00004     0.00     0.32     0.00    19.00     1.76     0.59 
    61     19921127211700     3.12    58.54    28.80   0.00548   0.00004     0.00     0.31     0.12     1.36     1.82     0.60 
    62     19921127220900     3.64    56.23    28.93   0.00423   0.00004     0.00     0.28     0.31     1.50     1.94     0.61 
    63     19921127230000     5.66    57.31    29.26   0.00359   0.00005     0.00     0.26     0.59     1.47     2.02     0.66 
    64     19921127235200     7.09    60.80    29.85   0.00263   0.00005     0.00     0.29     0.94     1.44     2.04     0.70 
    65     19921128004300     8.94    69.07    30.34   0.00272   0.00006     0.00     0.31     1.32     1.39     1.98     0.74 
    66     19921128022100     9.89    81.22    30.53   0.00426   0.00007     0.00     0.34     1.92     1.41     1.83     0.78 
    67     19921128042600     6.88    73.51    30.69   0.00299   0.00006     0.00     0.37     1.90     1.75     1.89     0.71 
    68     19921128043600     5.94    77.02    30.66   0.00331   0.00006     0.00     0.40     1.90     1.77     1.84     0.70 
    69     19921128052800     3.35    56.79    30.37   0.00160   0.00004     0.00     0.37     1.74     1.93     1.99     0.61 
    70     19921128061900     2.74    49.15    30.26   0.00108   0.00004     0.00     0.38     1.58     2.05     2.02     0.57 
    71     19921128075200     2.90    56.66    29.85   0.00275   0.00004     0.00     0.38     1.25     2.35     1.91     0.59 
    72     19921128084300     2.38    50.35    29.75   0.00208   0.00004     0.00     0.37     1.08     2.56     1.98     0.57 
    73     19921128093500     4.09    78.67    29.45   0.00936   0.00006     0.00     0.37     0.93     2.77     1.55     0.66 
    74     19921128102600     1.78    62.62    29.16   0.00496   0.00004     0.00     0.35     0.70     3.41     1.81     0.58 
    75     19921128111800     1.28    46.68    29.26   0.00200   0.00003     0.00     0.35     0.57     3.84     2.03     0.52 
    76     19921128120900     3.89    66.55    28.98   0.01048   0.00005     0.00     0.33     0.49     4.12     1.52     0.64 
    77     19921128130100     4.04    62.89    29.14   0.00704   0.00005     0.00     0.36     0.37     5.00     1.67     0.64 
    78     19921128135200     2.58    52.78    29.03   0.00414   0.00004     0.00     0.37     0.00    19.00     1.85     0.58 
    79     19921128144400     2.39    49.66    29.03   0.00337   0.00003     0.00     0.37     0.00    19.00     1.90     0.56 
    80     19921128153500     2.11    57.84    28.84   0.00539   0.00004     0.00     0.36     0.00    19.00     1.78     0.57 
    81     19921128162600     2.34    63.26    28.74   0.00688   0.00004     0.00     0.36     0.00    19.00     1.69     0.59 
    82     19921128171800     2.42    62.03    28.75   0.00739   0.00004     0.00     0.35     0.00    19.00     1.66     0.59 
    83     19921128180900     1.81    53.11    28.66   0.00533   0.00003     0.00     0.34     0.00    19.00     1.80     0.55 
    84     19921128190100     2.43    64.17    28.75   0.00741   0.00004     0.00     0.35     0.00    19.00     1.66     0.60 
    85     19921128195200     1.99    60.93    28.76   0.00682   0.00004     0.00     0.34     0.00    19.00     1.71     0.58 
    86     19921128204400     2.00    55.07    28.86   0.00411   0.00004     0.00     0.34     0.00    19.00     1.89     0.56 
    87     19921128213500     3.18    64.96    29.11   0.00553   0.00005     0.00     0.29     0.00    19.00     1.83     0.62 
    88     19921128222600     6.26    50.51    29.36   0.00289   0.00005     0.00     0.25     0.24     0.97     2.10     0.66 
    89     19921128231800     6.81    52.26    29.69   0.00259   0.00005     0.00     0.24     0.59     0.96     2.13     0.68 
    90     19921129000900     7.48    49.56    30.21   0.00099   0.00005     0.00     0.25     1.07     0.93     2.25     0.69 
    91     19921129010100    11.39    99.07    30.24   0.01005   0.00009     0.00     0.33     1.30     0.98     1.52     0.82 
    92     19921129015200     9.35    92.00    29.81   0.00927   0.00008     0.00     0.32     1.06     1.53     1.57     0.78 
    93     19921129024400     6.97    77.10    30.20   0.00495   0.00006     0.00     0.32     0.88     2.04     1.82     0.72 
    94     19921129033500     5.52    84.30    29.99   0.00675   0.00006     0.00     0.34     0.99     2.16     1.69     0.70 
    95     19921129042600     4.45    90.66    29.96   0.00830   0.00006     0.00     0.36     0.97     2.43     1.59     0.69 
    96     19921129051800     3.30    77.25    29.78   0.00655   0.00005     0.00     0.33     0.79     2.93     1.71     0.64 
    97     19921129060900     4.75    61.41    29.62   0.00435   0.00005     0.00     0.29     0.63     3.41     1.91     0.65 
    98     19921129070100    18.95   122.28    29.66   0.01917   0.00012    31.10     0.35     0.53     3.79     1.22     0.94 
    99     19921129075200    15.54    86.47    29.14   0.00738   0.00009    33.05     0.36     0.32     5.40     1.63     0.86 
   100     19921129091700     8.49    86.66    29.38   0.00751   0.00007     0.00     0.42     0.17     7.32     1.59     0.76 
   101     19921129100800     6.34    99.88    29.34   0.01694   0.00007     0.00     0.36     0.11     8.82     1.28     0.74 
   102     19921129110000     3.68    79.70    29.06   0.01329   0.00006     0.00     0.34     0.06    12.07     1.41     0.66 
   103     19921129115500     2.59    65.61    28.95   0.00852   0.00004     0.00     0.35     0.03    16.52     1.61     0.60 
   104     19921129124700     2.67    65.81    28.85   0.00911   0.00004     0.00     0.35     0.01    19.00     1.58     0.61 
   105     19921129133800     3.06    60.08    28.94   0.00643   0.00004     0.00     0.36     0.00    19.00     1.71     0.61 
   106     19921129142900     3.85    63.75    29.12   0.00652   0.00005     0.00     0.38     0.00    19.00     1.69     0.63 
   107     19921129153100     5.12    73.76    29.32   0.00827   0.00006     0.00     0.38     0.00    19.00     1.59     0.68 
   108     19921129163800     5.53    86.64    29.23   0.01214   0.00006     0.00     0.37     0.00    19.00     1.43     0.71 
   109     19921129173000     6.17    90.57    29.16   0.01521   0.00007     0.00     0.34     0.00    19.00     1.34     0.72 
   110     19921129182100     4.69    84.37    29.06   0.01274   0.00006     0.00     0.34     0.00    19.00     1.42     0.69 
   111     19921129191300     3.97    78.10    28.96   0.01123   0.00005     0.00     0.34     0.00    19.00     1.49     0.66 
   112     19921129200400     5.50    84.24    28.99   0.01356   0.00006     0.00     0.31     0.00    19.00     1.40     0.70 
   113     19921129205500     3.50    78.95    28.97   0.01118   0.00005     0.00     0.33     0.00    19.00     1.49     0.65 
   114     19921129214700     4.05    72.14    29.09   0.00815   0.00005     0.00     0.32     0.12     2.00     1.64     0.65 
   115     19921129223800     5.52    77.18    29.30   0.00832   0.00006     0.00     0.31     0.28     2.13     1.63     0.69 
   116     19921129233000     7.04    83.40    29.50   0.00847   0.00007     0.00     0.31     0.48     2.27     1.62     0.73 
