     1     19921125132100     6.09   113.93    28.71   0.02748   0.00008     0.00     0.29     0.00    19.00     1.07     0.75 
     2     19921125141200     5.43   100.45    28.71   0.02115   0.00007     0.00     0.29     0.00    19.00     1.20     0.72 
     3     19921125150300     4.91   101.72    28.70   0.02297   0.00007     0.00     0.30     0.00    19.00     1.16     0.72 
     4     19921125155500     5.18   112.43    28.69   0.02729   0.00008     0.00     0.31     0.00    19.00     1.07     0.74 
     5     19921125164600     4.77    97.73    28.66   0.01751   0.00007     0.00     0.34     0.00    19.00     1.27     0.71 
     6     19921125173800     9.54   123.02    28.70   0.03286   0.00010     0.00     0.30     0.00    19.00     0.99     0.82 
     7     19921125182900     4.63    68.49    28.69   0.00886   0.00005     0.00     0.31     0.00    19.00     1.61     0.66 
     8     19921125192000     3.88    93.38    28.71   0.01814   0.00006     0.00     0.29     0.00    19.00     1.27     0.68 
     9     19921125201200     4.10   114.26    28.73   0.02819   0.00008     0.00     0.27     0.00    19.00     1.07     0.72 
    10     19921125210500     4.73    87.30    28.74   0.01905   0.00006     0.00     0.26     0.00    19.00     1.26     0.69 
    11     19921125221900     5.30   113.89    28.82   0.02624   0.00008     0.00     0.29     0.12     3.59     1.10     0.74 
    12     19921125232700     5.92   120.43    28.93   0.03331   0.00008     0.00     0.27     0.21     5.13     0.99     0.76 
    13     19921126001900     5.23   106.67    29.03   0.02404   0.00007     0.00     0.27     0.25     6.48     1.14     0.73 
    14     19921126011000     4.97    91.62    29.06   0.02000   0.00007     0.00     0.24     0.30     7.03     1.24     0.70 
    15     19921126022200     4.09   121.69    29.23   0.02825   0.00008     0.00     0.28     0.39     7.42     1.06     0.73 
    16     19921126031300     4.75   118.48    29.22   0.02833   0.00008     0.00     0.29     0.41     8.23     1.06     0.74 
    17     19921126041600     4.38   105.90    29.32   0.02288   0.00007     0.00     0.28     0.38     9.45     1.16     0.71 
    18     19921126050700     3.16    95.79    29.24   0.02348   0.00006     0.00     0.27     0.36    10.33     1.15     0.67 
    19     19921126055900     2.40    91.48    29.02   0.02327   0.00006     0.00     0.28     0.32    11.51     1.16     0.65 
    20     19921126065500     2.01    99.44    28.98   0.02050   0.00006     0.00     0.32     0.26    13.06     1.20     0.65 
    21     19921126074700     1.30    97.06    28.87   0.01856   0.00006     0.00     0.33     0.22    14.57     1.25     0.63 
    22     19921126083800     1.56    83.13    28.96   0.01300   0.00005     0.00     0.34     0.18    16.04     1.42     0.61 
    23     19921126093000     0.92    61.88    28.99   0.00674   0.00004     0.00     0.31     0.16    17.29     1.74     0.55 
    24     19921126102100     1.09    56.19    28.96   0.00531   0.00003     0.00     0.34     0.14    18.23     1.80     0.54 
    25     19921126111200     1.54    57.29    28.98   0.00538   0.00004     0.00     0.32     0.13    19.00     1.82     0.56 
    26     19921126120800     1.37    66.21    28.87   0.00842   0.00004     0.00     0.33     0.11    19.00     1.63     0.57 
    27     19921126130000     2.46    76.74    28.95   0.01171   0.00005     0.00     0.35     0.09    19.00     1.46     0.62 
    28     19921126145300     3.31    63.96    28.87   0.00981   0.00005     0.00     0.33     0.00    19.00     1.56     0.62 
    29     19921126154500     4.06    70.62    28.87   0.01188   0.00005     0.00     0.33     0.00    19.00     1.46     0.65 
    30     19921126163600     4.20    73.80    28.88   0.01261   0.00005     0.00     0.32     0.00    19.00     1.44     0.66 
    31     19921126172700     2.68    63.03    28.77   0.00857   0.00004     0.00     0.33     0.00    19.00     1.62     0.60 
    32     19921126181900     2.17    53.20    28.75   0.00542   0.00004     0.00     0.35     0.00    19.00     1.79     0.57 
    33     19921126191000     2.17    40.68    28.86   0.00234   0.00003     0.00     0.34     0.00    19.00     2.03     0.54 
    34     19921126200100     1.69    33.60    28.89   0.00145   0.00002     0.00     0.31     0.00    19.00     2.16     0.50 
    35     19921126213400     1.75    34.64    29.05   0.00122   0.00002     0.00     0.25     0.00    19.00     2.30     0.50 
    36     19921126222600     6.13    61.69    28.94   0.00680   0.00005     0.00     0.26     0.00    19.00     1.77     0.68 
    37     19921126231700    38.34   175.22    28.94   0.08754   0.00021    20.70     0.26     0.00    19.00     0.63     1.14 
    38     19921127000900    28.90   165.67    29.00   0.05917   0.00017     0.00     0.30     0.00    19.00     0.76     1.06 
    39     19921127010000    18.70   153.55    29.00   0.04425   0.00014     0.00     0.30     0.00    19.00     0.87     0.96 
    40     19921127015100    14.75   131.71    28.99   0.03022   0.00012     0.00     0.31     0.00    19.00     1.03     0.90 
    41     19921127024300    12.51   122.19    28.89   0.02647   0.00010     0.00     0.31     0.00    19.00     1.09     0.86 
    42     19921127033400    15.71   128.88    28.92   0.03520   0.00012     0.00     0.28     0.00    19.00     0.96     0.90 
    43     19921127042500    34.51   154.30    28.83   0.06554   0.00018    39.87     0.27     0.00    19.00     0.73     1.10 
    44     19921127051700    31.81   149.78    28.79   0.04477   0.00017     7.40     0.31     0.00    19.00     0.86     1.08 
    45     19921127060800    54.85   224.89    28.84   0.14700   0.00028     6.99     0.26     0.00    19.00     0.49     1.28 
    46     19921127070000    30.67   138.57    28.77   0.03748   0.00016     0.00     0.33     0.00    19.00     0.93     1.06 
    47     19921127075100    17.89   129.09    28.73   0.02518   0.00012     0.00     0.37     0.00    19.00     1.10     0.93 
    48     19921127084200    11.73   121.43    28.72   0.01868   0.00010     0.00     0.38     0.00    19.00     1.23     0.85 
    49     19921127093400     7.66   111.53    28.71   0.01488   0.00008     0.00     0.39     0.00    19.00     1.33     0.78 
    50     19921127102500     6.10   119.91    28.63   0.01969   0.00008     0.00     0.37     0.00    19.00     1.21     0.76 
    51     19921127113200     7.67   132.70    28.67   0.03146   0.00010     0.00     0.33     0.00    19.00     1.01     0.80 
    52     19921127122600     8.01   141.45    28.70   0.04356   0.00010     0.00     0.30     0.00    19.00     0.88     0.82 
    53     19921127134800     7.63   106.93    28.69   0.02992   0.00008     0.00     0.31     0.00    19.00     1.03     0.77 
    54     19921127143900     7.25   109.44    28.70   0.03345   0.00008     0.00     0.30     0.00    19.00     0.99     0.77 
    55     19921127160400     6.67   123.83    28.70   0.03609   0.00009     0.00     0.30     0.00    19.00     0.95     0.78 
    56     19921127170000     5.62   105.64    28.69   0.02415   0.00007     0.00     0.31     0.00    19.00     1.13     0.73 
    57     19921127175200     4.92    93.83    28.68   0.01832   0.00007     0.00     0.32     0.00    19.00     1.26     0.70 
    58     19921127184300     4.09    81.41    28.65   0.01269   0.00006     0.00     0.35     0.00    19.00     1.42     0.67 
    59     19921127193500     2.97    75.57    28.67   0.01113   0.00005     0.00     0.33     0.00    19.00     1.49     0.63 
    60     19921127202600     2.45    59.95    28.68   0.00642   0.00004     0.00     0.32     0.00    19.00     1.75     0.59 
    61     19921127211700     3.13    58.82    28.80   0.00554   0.00004     0.00     0.31     0.12     1.38     1.82     0.60 
    62     19921127220900     3.66    56.53    28.92   0.00429   0.00004     0.00     0.29     0.30     1.51     1.93     0.61 
    63     19921127230000     5.70    57.71    29.26   0.00365   0.00005     0.00     0.26     0.59     1.49     2.01     0.66 
    64     19921127235200     7.15    61.34    29.84   0.00268   0.00005     0.00     0.29     0.93     1.46     2.03     0.70 
    65     19921128004300     9.04    69.83    30.33   0.00279   0.00006     0.00     0.31     1.31     1.41     1.97     0.75 
    66     19921128022100     9.99    82.11    30.52   0.00437   0.00007     0.00     0.34     1.90     1.43     1.82     0.78 
    67     19921128042600     6.94    74.19    30.68   0.00306   0.00006     0.00     0.37     1.87     1.78     1.88     0.72 
    68     19921128043600     5.98    77.67    30.66   0.00338   0.00006     0.00     0.40     1.87     1.80     1.83     0.70 
    69     19921128052800     3.37    57.15    30.37   0.00162   0.00004     0.00     0.38     1.71     1.96     1.98     0.61 
    70     19921128061900     2.75    49.46    30.26   0.00109   0.00004     0.00     0.38     1.56     2.09     2.01     0.57 
    71     19921128075200     2.91    56.96    29.84   0.00278   0.00004     0.00     0.38     1.23     2.39     1.91     0.60 
    72     19921128084300     2.39    50.59    29.75   0.00210   0.00004     0.00     0.37     1.06     2.61     1.98     0.57 
    73     19921128093500     4.11    78.99    29.45   0.00945   0.00006     0.00     0.37     0.92     2.82     1.54     0.67 
    74     19921128102600     1.79    62.89    29.16   0.00501   0.00004     0.00     0.35     0.69     3.47     1.81     0.58 
    75     19921128111800     1.29    46.85    29.26   0.00202   0.00003     0.00     0.35     0.56     3.89     2.02     0.52 
    76     19921128120900     3.90    66.69    28.98   0.01053   0.00005     0.00     0.33     0.49     4.18     1.52     0.64 
    77     19921128130100     4.06    63.21    29.14   0.00712   0.00005     0.00     0.36     0.36     5.07     1.67     0.64 
    78     19921128135200     2.59    53.03    29.03   0.00419   0.00004     0.00     0.37     0.00    19.00     1.85     0.58 
    79     19921128144400     2.40    49.89    29.03   0.00340   0.00003     0.00     0.37     0.00    19.00     1.90     0.56 
    80     19921128153500     2.12    58.09    28.84   0.00545   0.00004     0.00     0.36     0.00    19.00     1.77     0.58 
    81     19921128162600     2.35    63.51    28.74   0.00694   0.00004     0.00     0.36     0.00    19.00     1.68     0.59 
    82     19921128171800     2.43    62.25    28.75   0.00745   0.00004     0.00     0.35     0.00    19.00     1.66     0.59 
    83     19921128180900     1.81    53.31    28.66   0.00538   0.00003     0.00     0.34     0.00    19.00     1.80     0.55 
    84     19921128190100     2.44    64.41    28.75   0.00747   0.00004     0.00     0.35     0.00    19.00     1.66     0.60 
    85     19921128195200     2.00    61.14    28.76   0.00688   0.00004     0.00     0.34     0.00    19.00     1.70     0.58 
    86     19921128204400     2.01    55.31    28.86   0.00416   0.00004     0.00     0.34     0.00    19.00     1.88     0.57 
    87     19921128213500     3.20    65.29    29.11   0.00560   0.00005     0.00     0.29     0.00    19.00     1.82     0.62 
    88     19921128222600     6.30    50.87    29.36   0.00294   0.00005     0.00     0.25     0.24     0.98     2.09     0.67 
    89     19921128231800     6.86    52.67    29.69   0.00264   0.00005     0.00     0.24     0.58     0.97     2.12     0.68 
    90     19921129000900     7.61    50.41    30.21   0.00102   0.00005     0.00     0.25     1.06     0.95     2.24     0.69 
    91     19921129010100    11.49    99.93    30.24   0.01025   0.00009     0.00     0.33     1.29     0.99     1.51     0.82 
    92     19921129015200     9.42    92.73    29.81   0.00944   0.00008     0.00     0.32     1.04     1.56     1.56     0.78 
    93     19921129024400     7.02    77.75    30.20   0.00505   0.00006     0.00     0.32     0.87     2.07     1.81     0.72 
    94     19921129033500     5.55    84.89    29.99   0.00686   0.00006     0.00     0.34     0.98     2.19     1.69     0.70 
    95     19921129042600     4.47    91.17    29.96   0.00841   0.00006     0.00     0.36     0.95     2.47     1.59     0.69 
    96     19921129051800     3.32    77.66    29.78   0.00664   0.00005     0.00     0.33     0.77     2.98     1.71     0.65 
    97     19921129060900     4.78    61.80    29.61   0.00441   0.00005     0.00     0.29     0.62     3.47     1.90     0.65 
    98     19921129070100    19.06   123.02    29.66   0.01942   0.00012    31.10     0.35     0.52     3.85     1.21     0.94 
    99     19921129075200    15.75    87.61    29.14   0.00761   0.00009    33.05     0.36     0.31     5.48     1.62     0.87 
   100     19921129091700     8.57    87.45    29.38   0.00767   0.00007     0.00     0.42     0.16     7.45     1.59     0.76 
   101     19921129100800     6.34    99.84    29.34   0.01691   0.00007     0.00     0.36     0.11     9.00     1.28     0.74 
   102     19921129110000     3.68    79.70    29.06   0.01329   0.00006     0.00     0.34     0.06    12.30     1.41     0.66 
   103     19921129115500     2.60    65.81    28.95   0.00858   0.00004     0.00     0.35     0.03    16.84     1.60     0.60 
   104     19921129124700     2.68    65.98    28.85   0.00916   0.00004     0.00     0.35     0.01    19.00     1.58     0.61 
   105     19921129133800     3.07    60.36    28.94   0.00650   0.00004     0.00     0.36     0.00    19.00     1.71     0.61 
   106     19921129142900     3.87    64.09    29.12   0.00661   0.00005     0.00     0.38     0.00    19.00     1.68     0.63 
   107     19921129153100     5.15    74.17    29.32   0.00838   0.00006     0.00     0.38     0.00    19.00     1.58     0.68 
   108     19921129163800     5.55    86.91    29.23   0.01223   0.00006     0.00     0.37     0.00    19.00     1.43     0.71 
   109     19921129173000     6.18    90.63    29.16   0.01522   0.00007     0.00     0.34     0.00    19.00     1.34     0.72 
   110     19921129182100     4.70    84.52    29.06   0.01278   0.00006     0.00     0.34     0.00    19.00     1.42     0.69 
   111     19921129191300     3.97    78.28    28.96   0.01129   0.00006     0.00     0.34     0.00    19.00     1.48     0.66 
   112     19921129200400     5.51    84.35    28.99   0.01359   0.00006     0.00     0.31     0.00    19.00     1.40     0.70 
   113     19921129205500     3.51    79.11    28.97   0.01123   0.00005     0.00     0.33     0.00    19.00     1.49     0.65 
   114     19921129214700     4.07    72.47    29.09   0.00824   0.00005     0.00     0.32     0.12     2.01     1.64     0.65 
   115     19921129223800     5.55    77.62    29.30   0.00842   0.00006     0.00     0.31     0.28     2.14     1.63     0.69 
   116     19921129233000     7.08    83.96    29.50   0.00861   0.00007     0.00     0.31     0.48     2.29     1.62     0.73 
